$ANSIBLE_VAULT;1.1;AES256
39373235313465633962383462323434616338326138623633643732663663396264383565336239
3034393061336337613765383238343234393562353866350a633532636166333137396539666163
35343734646133363933326137633838336230386266623062343465333132356531346564366532
3031623637363637320a613635363461333235356434643135626230643037343761346437326433
33653461313734346330333039396238383365633437653838373737666262326133323438623966
38646465633865333237656637656562633036663130386534306638376661643161393864353033
30356435336632326335373532376538343163343035633633356536346561653161303362646166
35666531313363393735343661353365633337303665303136323334653733303239336437393235
61306235616363373435653637336231396361343166346232376332653236383932323639626135
63386462373432396462366236316238376163653038376230366134306463373934393936346436
31303530313038393332386135323566633363653865396263343762663464646265333962393037
31353332303537343538306436323935306537613432326364336265373531383863316231633136
39383434623461363836383738343431666561383635363039626538336562306230313463343264
34323139326237326264323238366532393861383535383135316136656363366236346236373535
61316538346537363662323463393266633735346264653430366237616435323233623536633636
35633439386439353738366431363630373537363438653163303938326661373238373030376335
64376434383866346136316532336564386365366237616661623066636562383761343864303961
35623436643563333334306164303030343339366531613239333332623530346663343361346233
34323938636631646362336630373337383066376230393032366662666536356138663538613064
61323535333463643335313137333932636566666238383166396636313739636163383864663036
36323636383639313639313138623036643463373535303330373163336437393666336637393132
33363331343162663866373530386431663132326238623961643036323031373931326433346232
36613337613033623234643030316438643462633834396563616133613662323036623733393633
31626631346539343163353463356639363964656462646136653537313939663064646633323664
34303166363234373563333364633232376265366134313233306662623437643536623966356666
39663362613062616463633162623537386261383535623766666436663466643965653831313137
62633236666163386136333563373838633730306339376361626365666436323037626235313465
38343265633964363135626666323961343432633465373562383863646234396530326136363431
63626166643135393435303964376230636361343530333366336136613335313735623064356531
66373631323731653763613162373564666136326432313833626263336261633139653734313534
61343165643635363762623731663735353638373863646437633130663762623666613234303866
65373730633734366237336564363763376439306665333739393763663136623662373836306134
30363437653662326262323961623236393234356364613330643039643236646531306662633862
34613930333665366332653364663566653132303438636435626534613036306164623531653265
34643065646566303435363638386331613635316637396136353634643562396132656531626233
61626133373663383063393034373931623933643265613535366462646136623537613062303530
37646266626335613465383965313962636562383266623231323365396637383135613335306531
65306539656232373361373061633834646234643437636637336362386638623431323731653733
37363136613564306535373030336539643030373636656563333637316638363335303762636662
63623631643665356466303762393862323736343230346636396636353862313861633233343632
61323166303266323465636637663062323334356435363230386263653035643330306262626234
65643437383531666461626466343662663766633933386261643732653335316566653032633863
62363238343134643037356563336165333835353734353161386564633837336136323233313739
31343063313433336533363330353537306638666639663438343564653333313638393565633430
36643835616134313338353632313039373266353962386439356637616263303832373935316138
30613634353062333436363937353739653336323465303364663563653731353363396561373664
39656439653066616632626336326165613766396466343762356134363862643061376530376362
37613439623461636536303338346661303362633465623966333739316536333366333362363632
63393065666230383366653434383132633633316665653438623436356638353834363832663837
64313566356232633236633638326533623033396232313865643532653435306665363232396437
33666462613232386135326130313935626132643536613562653635303037646161653865646163
66323433373066353535643139633465653230383366653933386333363234343036663734643561
64613838346165613865666665616533333765386239383733323864343638636530323464396161
65323662353063613461376533373864643762616265376532343766633266626461306134376531
66386166623366313435333966336436656630646234616230396264336630653562306665303939
66313938373836363135356265643133626165663666653031346166636565383066626632353431
31333033336266613932643765386334636234613139633335373763363931653962343137376634
65383238343735373139323032333732356630326561343239333361663062363530313636343436
30396638326166363334373134346665313533656138646634636335323034363139363965633161
37633132393363386639623636336335313663343034386131343636323162396463393432376361
65623365326166383465306631636261396564376430633833656636373631316637333464613632
30376164393130336339343566646430376132346365653666316663653166643966646639303366
33626533343864336234396631623535303262646362383466626263663932363936666163366366
65323138336161623936653237363930653335626131636566663062396634306232633237326233
32366333653934303363336431396164303134316136663961353864613562343334653036386337
65613439323330326438666530366465323762316239346537376261376162626531633933313965
64643563666234613935663531336537313436643537366232616266356236633363346430623231
35666665336233373235373034633334383337356531623234323562306132376264633132323730
36306136303463376138636662336638393938356335393866656438633065613332373965363032
62333464383930393639303936313764616134316132666131663665376461366337303438653436
62616364383130383166333931356532356631313639326438306338363363353136316635323866
32656539653136633937663834656166383930393235633664303064633062613439626362393535
31643331373263323434643262366165383035633964373432626161346361313137666562313763
39313564653935663036656364636262646532386336306565346464643133303132356531653864
35373834366562613462386232613835326563313061343462633439616662313836396239366231
30373763393531653431356165633461323961333631623132643734313631323663386163656661
36666466636164643331353730363563363365353231313230383630333564306339336161646637
62343436636337313532323635613363626566613664383330366264343439653531393336643536
30356333383337343863343435343835346138393061313031333032376461633566656561643435
31643137313464616336636435303233373433613134613031616434356133313764376364353934
35313633613761313735343964646435353534626465643030613532666332616131623461616264
33363538613730383661646465353338653863383136313036616339616634363561376134393635
39643734633037363335386563666164393133333030336339303331636437656365396138316635
34323435656362656435616464386364353663393737636562333361613462333761313435363762
64386230356662363932636134653539663837303936373563663265636566653135363963623564
64663239336364346334353131633563333661653832643530313437383634313135616130393930
37663030383034373662303164636561333464633263336261383461363266323564613932303337
66366631363938663636
